85.0  982.0
26.0  808.0
80.0  673.0
16.0  419.0
68.0  108.0
52.0  116.0
8.0  850.0
53.0  1018.0
82.0  647.0
40.0  503.0
58.0  805.0
71.0  325.0
40.0  374.0
83.0  548.0
46.0  659.0
96.0  450.0
98.0  638.0
1.0  190.0
40.0  678.0
83.0  789.0
88.0  318.0
23.0  806.0
51.0  67.0
7.0  14.0
55.0  737.0
37.0  1005.0
86.0  270.0
35.0  352.0
82.0  169.0
23.0  919.0
56.0  632.0
20.0  99.0
80.0  239.0
98.0  346.0
99.0  577.0
34.0  92.0
4.0  472.0
55.0  274.0
59.0  653.0
11.0  39.0
8.0  471.0
68.0  809.0
82.0  28.0
53.0  873.0
59.0  448.0
40.0  803.0
34.0  293.0
28.0  538.0
88.0  78.0
15.0  713.0
54.0  672.0
50.0  861.0
28.0  894.0
81.0  469.0
82.0  979.0
29.0  433.0
83.0  710.0
45.0  405.0
49.0  923.0
34.0  650.0
25.0  774.0
47.0  514.0
95.0  619.0
92.0  325.0
0.0  645.0
40.0  577.0
64.0  374.0
33.0  531.0
11.0  1003.0
71.0  956.0
93.0  139.0
46.0  594.0
96.0  861.0
22.0  68.0
89.0  177.0
5.0  380.0
10.0  923.0
5.0  844.0
68.0  834.0
77.0  299.0
12.0  35.0
16.0  691.0
86.0  488.0
42.0  683.0
74.0  968.0
92.0  763.0
4.0  31.0
53.0  446.0
91.0  1001.0
34.0  549.0
54.0  483.0
37.0  186.0
57.0  24.0
82.0  95.0
4.0  578.0
23.0  143.0
18.0  137.0
53.0  361.0
36.0  436.0
27.0  670.0